210012681		2    
240661729		3    
260147033		3    
474871101		3    
493030483		3    
494772971		3    
702663535		3    
732650753		3    
751118505		3    
789217939		3  
812699550		2    
834823667		3    
892063221		3    
927711068		3    
948174537		3    
960922772		3    
989958382		3    
1088575669		3    
1224175457		3    
1754166455		3    
1968050881		3    
2025518226		3    
5130047647		3    
5529109325		3    
210012681		2    
240661729		3    
260147033		3    
474871101		3    
493030483		3    
494772971		3    
702663535		3    
732650753		3    
751118505		3    
789217939		3  
812699550		2    
834823667		3    
892063221		3    
927711068		3    
948174537		3    
960922772		3    
989958382		3    
1088575669		3    
1224175457		3    
1754166455		3    
1968050881		3    
2025518226		3    
5130047647		3    
5529109325		3    
210012681			н    
240661729			4    
260147033			2    
474871101			4    
493030483			4    
494772971			4    
702663535			2    
732650753			4    
751118505			2    
789217939			2  
812699550			н    
834823667			2    
892063221			3    
927711068			3    
948174537			4    
960922772			4    
989958382			4    
1088575669			4    
1224175457			3    
1754166455			4    
1968050881			4    
2025518226			4    
5130047647			3    
5529109325			4    
210012681				2    
240661729				3    
260147033				3    
474871101				3    
493030483				3    
494772971				3    
702663535				3    
732650753				3    
751118505				3    
789217939				3  
812699550				3    
834823667				3    
892063221				3    
927711068				3    
948174537				3    
960922772				3    
989958382				3    
1088575669				3    
1224175457				3    
1754166455				3    
1968050881				3    
2025518226				3    
5130047647				3    
5529109325				3    
210012681					н    
240661729					4    
260147033					4    
474871101					4    
493030483					5    
494772971					5    
702663535					2 4   
732650753					5    
751118505					3    
789217939					4  
812699550					н    
834823667					5    
892063221					4    
927711068					4    
948174537					5    
960922772					5    
989958382					5    
1088575669					5    
1224175457					2 4   
1754166455					5    
1968050881					5    
2025518226					5    
5130047647					4    
5529109325					4    
210012681							5    
240661729							5    
260147033							5    
474871101							5    
493030483							5    
494772971							5    
702663535							5    
732650753							5    
751118505							5    
789217939							5  
812699550							н    
834823667							5    
892063221							5    
927711068							5    
948174537							5    
960922772							5    
989958382							5    
1088575669							5    
1224175457							5    
1754166455							5    
1968050881							5    
2025518226							5    
5130047647							5    
5529109325							5    
210012681								2    
240661729								3    
260147033								3    
474871101								3    
493030483								3    
494772971								3    
702663535								3    
732650753								3    
751118505								3    
789217939								3  
812699550								3    
834823667								3    
892063221								3    
927711068								3    
948174537								3    
960922772								3    
989958382								3    
1088575669								3    
1224175457								3    
1754166455								3    
1968050881								3    
2025518226								3    
5130047647								3    
5529109325								3    
210012681									2    
240661729									3    
260147033									3    
474871101									3    
493030483									3    
494772971									3    
702663535									3    
732650753									3    
751118505									3    
789217939									3  
812699550									3    
834823667									3    
892063221									3    
927711068									3    
948174537									3    
960922772									3    
989958382									3    
1088575669									3    
1224175457									3    
1754166455									3    
1968050881									3    
2025518226									3    
5130047647									3    
5529109325									3    
210012681										2    
240661729										5    
260147033										4    
474871101										5    
493030483										4    
494772971										5    
702663535										4    
732650753										5    
751118505										4    
789217939										4  
812699550										 
834823667										5    
892063221										4    
927711068										5    
948174537										4    
960922772										4    
989958382										4    
1088575669										4    
1224175457										4    
1754166455										4    
1968050881										5    
2025518226										4    
5130047647										4    
5529109325										5    
210012681												3    
240661729												3    
260147033												3    
474871101												3    
493030483												3    
494772971												3    
702663535												3    
732650753												3    
751118505												3    
789217939												3  
812699550												3    
834823667												3    
892063221												3    
927711068												3    
948174537												3    
960922772												3    
989958382												3    
1088575669												3    
1224175457												3    
1754166455												3    
1968050881												3    
2025518226												3    
5130047647												3    
5529109325												3    
210012681													 
240661729													5    
260147033													3    
474871101													4    
493030483													5    
494772971													5    
702663535													2    
732650753													3    
751118505													2    
789217939													5  
812699550													 
834823667													4    
892063221													3    
927711068													4    
948174537													4    
960922772													5    
989958382													5    
1088575669													5    
1224175457													4    
1754166455													4    
1968050881													2    
2025518226													5    
5130047647													3    
5529109325													5    
210012681															 
240661729															4    
260147033															4    
474871101															4    
493030483															5    
494772971															5    
702663535															5    
732650753															4    
751118505															2    
789217939															2 2  
812699550															 
834823667															4    
892063221															3    
927711068															5    
948174537															5    
960922772															5    
989958382															5    
1088575669															5    
1224175457															3    
1754166455															5    
1968050881															5    
2025518226															5    
5130047647															4    
5529109325															5    
