989958382
900695644
385423805
852639945
5105834035
1154859794
1799940623
650073099
809196456
5402712950
1006284845
907323447
498371884
693968892
5280601168
817035174
751421270
1299752130
1109347093
1345892181
826773560
1746411191
404947280
439476112
709635441
599504746
753388843
403315464
822696320
780756656
613920282
419571354
717604665
267318706
476841404
1781423127
1034373815
1369481897
1432585983
1211240919
834823667
907381751
1903948467
401012415
5106815853
1223517012
417977718
562706515
738672033
766224878
851173087
289507380
5232527479
1754166455
834916825
800866313
728899023
999044371
950420178
532843120
266415667
1608662426
691585295
895736053
5529109325
494772971
1823546844
1391063629
1958044740
959517113
2025518226
1084536976
472658093
754613471
728425199
861814154
769320012
933559401
902479581
828865884
499052735
675270743
662984451
1039907119
1979315870
1451024519
1040520307
836372142
846445081
1046931849
748833098
1300251232
1546677687
1224175457
354617175
751118505
927711068
584529471
1660039394
1221759215
416633978
948174537
378209038
782593668
670676495
870478121
1798087854
418135019
927173244
732650753
1088575669
1213795684
5625734635
2109265021
1843740428
1656539053
474871101
627001973
827778009
1085033961
356334852
769514792
1040275581
969001692
892959341
1135098931
284647928
748965079
312436553
1071943210
378594265
457799375
960922772
1968050881
5130047647
240661729
627391826
892063221
818877322
